507091550
306789324
819890052
356232103
655912954
269469205
110042804
734932807
681204658
350318509
824603858
785727253
753716962
961597006
587352134
909130852
289818566
687347867
732245517
268554319
435104969
978807921
105695472
543958473
296538574
476429474
962978126
971349077
493637575
861879579
903255530
611348876
493964132
418652876
547414034
979687829
183253036
643636037
997743279
579472639
119443840
126449441
918024141
838736193
216295493
916919895
615510716
487836669
710702348
904150849
786144850
889431599
990027171
663917484
158369780
858869255
157057656
100804257
112328688
393008610
740916460
648320811
158709660
330359463
789000163
628061065
339571815
432545467
308667471
935131469
126351318
397932116
196351822
259850573
306170579
317798643
439214376
942790876
745958578
240361879
349381628
466237181
763501282
273275533
748489084
598574285
481854185
199067129
342798829
211878889
461509040
279858691
157056642
126142192
712580840
997931639
592525245
333653341
712034144
138261648
251186331
942812601
478312901
295281103
844618351
633969805
834485505
271609893
556469281
475528309
903965409
249804560
967478862
127479209
808781149
285943106
282402516
260339917
717090266
237571369
872484320
122546321
511595472
348728573
391662024
772589394
748988921
499292627
732804578
524686480
865991480
784747731
797736932
238000130
477876134
607973935
718261036
624333287
853331988
407419737
162198538
649287591
947158592
286000533
637380227
436232445
877079091
122620186
748257448
889808299
758784126
215295301
420631552
765924052
652083521
947406405
838382408
867140907
206725908
604620958
421103008
732975759
578097014
776526263
573059014
505954915
165670565
117718817
499896418
137279269
487681066
267729870
664185022
668502972
343715923
947703922
484825776
897726027
350013824
631875829
922189630
182364525
580101375
642404523
351866034
136042735
642543834
943508837
290317831
464501289
604514940
439034239
142282540
593900493
279922144
916922144
366169493
563061643
123013998
151551598
607952649
327227101
971241452
756676734
775164804
530796555
626398006
263345456
221671658
346761309
745663660
634861709
955039959
837874313
682765864
501318863
206538014
747302366
161927707
245789469
893914917
142839406
876909472
763082823
737671772
393951475
787511776
205348726
650989010
381394179
555208030
415766978
960580455
583024283
301654734
486452283
948343433
347901931
316729197
513414189
674536340
226051941
535348667
441429693
450037929
449249395
124162045
368653146
603706148
350798249
652036950
820005101
228158252
402232150
717510380
601452480
326217678
950908607
268066308
112111209
856031310
348907908
195984862
672923913
708494414
760168765
983000814
751197917
785045018
240383064
550935270
631440871
949779172
567666673
642231024
129643423
595439522
648398373
362407078
237310779
315126973
942271331
974339382
215527833
424085834
178644135
370428721
303151024
155597313
268464963
716546534
793666564
235198880
366306412
106448891
620225031
392381796
871856947
720442748
830523348
907618550
692563501
823596851
716426500
187461004
572291255
116032302
908097357
370340551
753223409
107186396
417146761
994444462
176586863
861774514
124785114
415635112
913078567
854251968
740927568
965910018
147019571
367422968
130531072
698475024
123427473
204971520
644480875
922913227
114883628
658183356
100484275
594642282
560632083
502535934
169535434
376804736
206431385
247518938
533232689
379522139
237112741
469479137
144388993
992346244
374881144
209719995
279094197
439253848
528260940
