664185022
215527833
992346244
530796555
330359463
631440871
642231024
603706148
301654734
374881144
583024283
593900493
854251968
356232103
681204658
296538574
493964132
763082823
240361879
346761309
626398006
786144850
942271331
268554319
461509040
751197917
206725908
486452283
260339917
633969805
196351822
282402516
279922144
187461004
971241452
157056642
273275533
147019571
876909472
916922144
247518938
872484320
350798249
903255530
126449441
692563501
226051941
674536340
245789469
897726027
740927568
391662024
505954915
221671658
424085834
785045018
784747731
211878889
838736193
436232445
922189630
376804736
907618550
648320811
668502972
567666673
176586863
745663660
327227101
672923913
708494414
748489084
776526263
698475024
649287591
763501282
476429474
263345456
962978126
216295493
126142192
823596851
392381796
718261036
687347867
466237181
760168765
655912954
420631552
918024141
441429693
432545467
439214376
499896418
682765864
765924052
748257448
971349077
965910018
745958578
195984862
350318509
136042735
279858691
475528309
942812601
449249395
861774514
464501289
295281103
834485505
861879579
712580840
502535934
740916460
997931639
269469205
598574285
949779172
572291255
592525245
215295301
837874313
983000814
228158252
129643423
100804257
732245517
501318863
967478862
343715923
775164804
165670565
604514940
753716962
594642282
643636037
595439522
950908607
289818566
367422968
787511776
648398373
824603858
137279269
734932807
362407078
237310779
484825776
439034239
974339382
947703922
333653341
511595472
533232689
117718817
547414034
240383064
720442748
493637575
717090266
130531072
573059014
611348876
903965409
379522139
481854185
797736932
349381628
716426500
712034144
904150849
348728573
123427473
856031310
204971520
710702348
350013824
249804560
122546321
871856947
543958473
351866034
315126973
169535434
550935270
499292627
124785114
199067129
259850573
206538014
830523348
634861709
947158592
477876134
955039959
943508837
206431385
624333287
237112741
889808299
604620958
644480875
555208030
237571369
417146761
124162045
110042804
178644135
607973935
370428721
913078567
865991480
747302366
158709660
138261648
858869255
303151024
753223409
889431599
922913227
631875829
155597313
368653146
342798829
393951475
123013998
935131469
994444462
642543834
418652876
161927707
182364525
421103008
652036950
908097357
105695472
127479209
820005101
948343433
737671772
151551598
478312901
853331988
580101375
144388993
407419737
205348726
607952649
116032302
119443840
268066308
642404523
628061065
819890052
162198538
439253848
370340551
785727253
366169493
402232150
916919895
209719995
268464963
107186396
415635112
487681066
183253036
114883628
579472639
238000130
978807921
979687829
381394179
732975759
716546534
789000163
893914917
112111209
435104969
507091550
997743279
251186331
615510716
339571815
844618351
513414189
142282540
793666564
658183356
279094197
157057656
290317831
961597006
271609893
732804578
100484275
235198880
142839406
487836669
650989010
415766978
556469281
960580455
366306412
348907908
990027171
563061643
756676734
947406405
347901931
469479137
560632083
867140907
316729197
535348667
528260940
663917484
808781149
285943106
450037929
158369780
306789324
772589394
748988921
587352134
524686480
717510380
601452480
286000533
267729870
637380227
326217678
106448891
112328688
942790876
877079091
620225031
909130852
393008610
308667471
126351318
397932116
306170579
317798643
122620186
758784126
652083521
838382408
578097014
740190872
687876006
752734766
266743287
881227045
467927557
253030787
195989774
639912721
294693273
337723054
191785159
632870539
841302755
268245162
707958283
120631727
905530294
703702342
457991690
764638584
263711365
670359748
916768076
598543480
432039537
525983454
686394051
822359074
901965869
925953483